33 10 7 8 35 7 9 10 35 7 7 7 7 10 37 8 7 36 36 12 34 7 7 7 7 6 
1 5 
1 6 
1 3 
1 3 
2 6 -1 
1 1 
1 3 
1 1 
2 7 9 
1 -5 
1 6 
1 2 
1 9 
0 
1 8 
0 
0 
2 0 4 
1 5 
0 
1 2 
0 
0 
0 
0 
0 
1 1 
0 
0 
0 
1 4 
0 
0 
0 
1 6 
0 
0 
0 
0 
0 
1 7 
0 
0 
1 4 
1 5 
1 2 
1 5 
0 
0 
0 
0 
0 
1 1 
0 
0 
0 
1 3 
0 
0 
0 
1 9 
0 
0 
0 
0 
0 
1 3 
0 
0 
1 2 
1 9 
0 
1 4 
0 
0 
0 
0 
0 
1 6 
0 
0 
0 
1 7 
0 
0 
0 
1 6 
0 
0 
0 
0 
0 
2 3 2 
0 
0 
1 3 
1 5 
0 
1 2 
0 
0 
0 
0 
0 
2 4 4 
1 3 
1 3 
1 3 
2 2 1 
1 3 
1 3 
1 4 
2 10 4 
1 -8 
1 6 
1 -3 
0 
0 
1 1 
0 
0 
1 6 
2 5 0 
0 
1 6 
0 
0 
0 
0 
0 
1 3 
0 
0 
0 
1 4 
0 
0 
0 
1 5 
0 
0 
0 
0 
0 
1 3 
0 
0 
1 2 
1 2 
0 
1 5 
0 
0 
0 
0 
0 
1 7 
0 
0 
0 
1 5 
0 
0 
1 2 
1 9 
0 
0 
0 
0 
0 
1 7 
0 
0 
1 4 
1 9 
0 
1 1 
0 
0 
0 
0 
0 
1 2 
0 
0 
0 
2 4 2 
0 
0 
0 
3 5 8 3 
0 
0 
0 
0 
0 
1 6 
0 
0 
1 1 
1 4 
0 
1 2 
0 
0 
0 
0 
0 
2 5 4 
1 4 
1 6 
1 6 
2 8 5 
1 9 
1 1 
1 10 
1 8 
0 
0 
0 
0 
1 5 
2 8 3 
0 
0 
1 2 
1 4 
0 
1 2 
0 
0 
0 
0 
0 
1 5 
0 
0 
0 
1 5 
0 
0 
0 
0 
0 
0 
0 
0 
0 
1 7 
0 
0 
1 4 
1 9 
0 
1 5 
0 
0 
0 
0 
0 
1 -4 
0 
0 
0 
1 3 
0 
0 
0 
0 
0 
0 
0 
0 
0 
1 4 
0 
0 
1 2 
1 6 
0 
1 2 
0 
0 
0 
0 
0 
1 1 
0 
0 
0 
1 3 
0 
0 
0 
0 
0 
0 
0 
0 
0 
1 5 
0 
0 
1 5 
1 3 
0 
1 2 
0 
0 
0 
0 
0 
0 
0 
0 
0 
0 
0 
0 
0 
0 
0 
0 
0 
0 
0 
0 
0 
0 
0 
0 
0 
0 
0 
0 
0 
0 
0 
0 
0 
0 
1 4 
0 
0 
0 
0 
0 
0 
0 
0 
0 
0 
0 
0 
0 
0 
0 
0 
0 
0 
0 
0 
0 
0 
1 9 
1 5 
1 4 
1 4 
1 3 
1 3 
1 1 
1 4 
1 6 
1 -6 
1 5 
1 9 
0 
1 2 
1 3 
1 4 
0 
0 
0 
0 
1 4 
0 
0 
0 
0 
0 
1 5 
0 
0 
0 
0 
0 
0 
0 
0 
0 
0 
0 
0 
0 
0 
0 
0 
0 
0 
0 
0 
0 
0 
0 
0 
0 
0 
0 
0 
0 
0 
0 
0 
0 
0 
0 
0 
0 
0 
0 
0 
0 
0 
0 
0 
0 
0 
0 
0 
0 
0 
0 
0 
1 8 
1 1 
1 3 
1 5 
1 8 
1 5 
1 6 
1 9 
1 -8 
1 4 
1 8 
1 9 
0 
0 
0 
0 
0 
1 3 
0 
0 
0 
0 
0 
0 
0 
0 
1 7 
1 8 
1 6 
1 6 
1 5 
1 0 
1 7 
1 8 
1 -2 
1 6 
1 5 
1 6 
0 
0 
0 
0 
0 
0 
2 4 7 
0 
0 
0 
0 
0 
0 
0 
0 
0 
0 
0 
0 
1 3 
2 4 6 
0 
0 
0 
0 
0 
0 
1 4 
0 
0 
0 
0 
0 
0 
0 
0 
0 
0 
0 
1 5 
2 3 4 
1 -1 
1 4 
1 4 
1 0 
1 2 
1 6 
1 9 
1 -2 
1 6 
1 4 
0 
0 
0 
0 
0 
0 
0 
0 
0 
0 
0 
0 
0 
0 
0 
0 
0 
0 
0 
0 
0 
0 
0 
0 
0 
0 
0 
0 
0 
0 
0 
0 
0 
0 
0 
0 
0 
0 
0 
0 
0 
0 
0 
0 
0 
0 
0 
0 
0 
0 
0 
0 
0 
0 
0 
0 
0 
0 
0 
0 
0 
0 
0 
0 
0 
0 
0 
0 
0 
0 
0 
0 
0 
0 
0 
0 
0 
0 
0 
0 
0 
0 
0 
0 
0 
0 
0 
0 
0 
0 
0 
0 
0 
0 
0 
0 
0 
0 
0 
0 
0 
0 
0 
0 
0 
0 
0 
0 
0 
0 
0 
0 
0 
0 
0 
0 
0 
0 
0 
0 
0 
0 
0 
0 
0 
0 
0 
0 
0 
0 
0 
0 
0 
0 
0 
0 
0 
0 
0 
0 
0 
0 
0 
0 
